46.5959908994 64.859180467 45.8337011034 47.5037838111 46.1709047983 
24.4331515635 51.8312411112 34.0954090823 28.4086965353 42.5520015593 
41.5580755646 56.3657167002 43.8241391962 98.6097894861 54.7003219846 
85.245551363 75.6157723617 65.7668741077 76.7209962267 76.7209962267 
27.2640565673 38.5548841346 7.09679333713 18.0493390697 16.1182066919 
7.00454263451 24.5074671924 28.4347504204 28.8189946779 20.2606345223 
33.7755522606 34.0396915167 37.3926220444 45.5159468663 33.8948160926 
73.636339394 66.0447985974 60.822444896 73.3866165437 66.082057738 
0.0 0.0 0.0 0.0 0.0 
0.0 0.0 0.0 0.0 0.0 
26.2817157928 28.9277197016 30.5306735225 29.8847050132 29.5290919023 
27.0644219224 26.5647905664 26.572230205 32.2899075704 26.0754608278 





